r b swpd free buff cache si so bi bo in cs us sy id wa st CEST
0 1 0 349 32 379 0 0 1199 36 2765 5866 28 22 45 4 0 2022-04-17T13:34:25
1 1 0 323 32 401 0 0 21108 464 11551 25701 16 25 44 15 0 2022-04-17T13:34:26
1 0 0 291 32 424 0 0 22296 4 11667 24877 20 20 44 15 0 2022-04-17T13:34:27
7 0 0 276 32 446 0 0 21600 220 10874 23207 16 13 56 15 0 2022-04-17T13:34:28
1 1 0 247 32 470 0 0 22284 0 9973 19723 34 15 36 16 0 2022-04-17T13:34:29
1 0 0 232 32 492 0 0 22144 0 10275 20441 24 10 49 16 0 2022-04-17T13:34:30
1 1 0 212 32 515 0 0 22236 64 11072 23243 8 14 61 17 0 2022-04-17T13:34:31
0 1 0 193 32 536 0 0 20644 884 10914 22441 9 16 53 23 0 2022-04-17T13:34:32
0 1 0 170 32 559 0 0 22596 0 9491 18509 4 6 72 18 0 2022-04-17T13:34:33
3 1 0 144 32 580 0 0 20900 436 11232 23864 25 22 41 12 0 2022-04-17T13:34:34
3 0 0 103 32 603 0 0 21868 4 11819 25874 36 17 35 12 0 2022-04-17T13:34:35
1 1 0 93 32 626 0 0 22216 20 10515 22005 6 15 62 17 0 2022-04-17T13:34:36
2 1 0 67 32 648 0 0 21544 204 10351 21386 43 16 30 10 0 2022-04-17T13:34:37
1 1 0 37 32 671 0 0 22212 0 9059 17992 32 10 42 16 0 2022-04-17T13:34:38
0 1 0 44 28 682 0 0 21908 0 10425 21251 27 12 45 16 0 2022-04-17T13:34:39
0 3 0 24 28 704 0 0 22216 60 10711 22301 7 9 64 20 0 2022-04-17T13:34:40
0 1 0 26 24 705 0 0 20392 856 10880 22846 12 22 47 20 0 2022-04-17T13:34:41
1 4 0 28 24 704 0 0 21484 124 10538 22754 25 14 43 18 0 2022-04-17T13:34:42
1 1 0 32 24 680 0 0 20568 432 12160 27913 40 32 16 12 0 2022-04-17T13:34:43
1 2 0 29 24 689 0 0 22320 20 11161 24156 12 17 53 18 0 2022-04-17T13:34:44
2 1 0 29 24 695 0 0 20308 696 12415 27019 15 25 37 23 0 2022-04-17T13:34:45
9 0 0 26 24 681 0 0 21240 108 12595 28038 27 27 24 22 0 2022-04-17T13:34:46
2 0 0 386 25 327 0 0 3284 2156 11434 25258 27 32 31 10 0 2022-04-17T13:34:47
3 1 0 374 25 334 0 0 6632 100 11144 23481 49 23 18 10 0 2022-04-17T13:34:48
2 1 0 351 25 348 0 0 13144 0 9681 19246 56 14 10 20 0 2022-04-17T13:34:49
3 0 0 324 25 362 0 0 13916 0 10974 23122 42 16 25 18 0 2022-04-17T13:34:50
0 1 0 348 25 375 0 0 12380 40 11622 24255 31 15 44 11 0 2022-04-17T13:34:51
2 0 0 334 25 388 0 0 12624 88 9588 19115 10 11 64 14 0 2022-04-17T13:34:52
3 0 0 322 25 397 0 0 10608 1620 11200 24158 21 23 44 12 0 2022-04-17T13:34:53
1 0 0 310 25 410 0 0 11920 0 9224 18027 33 8 47 12 0 2022-04-17T13:34:54
0 1 0 296 25 423 0 0 12588 0 8785 17049 8 4 74 14 0 2022-04-17T13:34:55
6 0 0 283 25 436 0 0 13028 0 9069 17332 8 4 73 14 0 2022-04-17T13:34:56
1 0 0 270 25 449 0 0 13136 0 8926 16696 10 3 73 14 0 2022-04-17T13:34:57
1 0 0 256 25 463 0 0 12924 0 8557 17055 8 5 73 14 0 2022-04-17T13:34:58
3 0 0 243 25 476 0 0 12664 48 8866 17428 23 5 59 13 0 2022-04-17T13:34:59
1 0 0 229 25 489 0 0 12896 0 8866 16819 14 4 68 14 0 2022-04-17T13:35:00
1 0 0 215 25 502 0 0 13168 0 9096 17218 8 3 75 14 0 2022-04-17T13:35:01
1 1 0 201 25 516 0 0 12872 0 8848 17214 13 6 68 12 0 2022-04-17T13:35:02
0 1 0 187 25 529 0 0 13200 0 9081 17252 9 4 73 14 0 2022-04-17T13:35:03
0 1 0 174 25 542 0 0 12640 20 8976 17751 18 4 65 13 0 2022-04-17T13:35:04
0 1 0 160 25 555 0 0 13208 0 8837 16960 8 4 73 14 0 2022-04-17T13:35:05
1 0 0 146 25 569 0 0 13024 0 8862 16887 8 5 73 14 0 2022-04-17T13:35:06
1 0 0 133 25 582 0 0 13204 0 8802 17005 8 3 75 15 0 2022-04-17T13:35:07
0 1 0 119 25 596 0 0 13172 0 8554 16702 9 6 72 14 0 2022-04-17T13:35:08
1 0 0 105 25 609 0 0 12676 20 8815 17644 14 4 69 13 0 2022-04-17T13:35:09
1 0 0 91 25 622 0 0 13072 0 8470 16892 8 5 73 14 0 2022-04-17T13:35:10
1 0 0 78 25 636 0 0 13160 0 8677 17052 9 3 74 14 0 2022-04-17T13:35:11
0 1 0 64 25 649 0 0 13040 0 8807 16893 14 5 67 13 0 2022-04-17T13:35:12
2 0 0 50 25 663 0 0 13016 0 8995 17050 7 5 73 14 0 2022-04-17T13:35:13
5 2 0 35 25 675 0 0 12384 248 9626 20141 15 11 60 14 0 2022-04-17T13:35:14
1 1 0 28 25 668 0 0 10268 220 11463 25757 44 25 23 7 0 2022-04-17T13:35:15
0 1 0 36 25 668 0 0 12380 20 10062 21049 15 13 59 13 0 2022-04-17T13:35:16
2 1 0 28 25 674 0 0 12588 144 11178 24482 29 15 41 15 0 2022-04-17T13:35:17
4 0 0 30 25 669 0 0 12612 0 9090 18093 26 10 47 16 0 2022-04-17T13:35:18
2 0 0 32 25 674 0 0 11796 0 10754 22250 24 13 50 13 0 2022-04-17T13:35:19
1 1 0 28 25 679 0 0 12532 64 9530 19606 14 14 60 13 0 2022-04-17T13:35:20
3 0 0 24 25 684 0 0 12324 512 9968 20111 11 6 69 15 0 2022-04-17T13:35:21
7 0 0 26 25 679 0 0 10648 380 10875 22851 30 22 40 8 0 2022-04-17T13:35:22
1 0 0 33 25 663 0 0 11816 4 12052 25394 29 20 41 11 0 2022-04-17T13:35:23
1 2 0 29 25 676 0 0 13236 156 11078 24203 16 13 57 15 0 2022-04-17T13:35:24
2 0 0 24 25 678 0 0 14348 0 9855 19891 18 13 45 24 0 2022-04-17T13:35:25
1 1 0 28 25 670 0 0 13856 0 9604 19076 20 10 47 23 0 2022-04-17T13:35:26
1 1 0 34 26 661 0 0 14624 0 9462 19315 17 12 48 23 0 2022-04-17T13:35:27
3 0 0 30 26 663 0 0 15676 0 9556 19118 15 8 50 27 0 2022-04-17T13:35:28
0 2 0 34 26 655 0 0 16812 0 9443 19072 16 8 50 26 0 2022-04-17T13:35:29
3 0 0 23 27 664 0 0 14480 64 10883 23325 28 8 45 18 0 2022-04-17T13:35:30
0 1 0 32 27 674 0 0 12640 200 10610 21868 18 7 62 13 0 2022-04-17T13:35:31
2 1 0 32 27 673 0 0 12044 468 10146 21186 15 18 54 12 0 2022-04-17T13:35:32
0 1 0 32 26 673 0 0 13112 0 8973 17345 9 5 72 14 0 2022-04-17T13:35:33
0 1 0 52 26 674 0 0 12792 0 9925 18889 6 29 54 12 0 2022-04-17T13:35:34
2 1 0 41 26 686 0 0 12204 64 11264 22956 15 17 56 12 0 2022-04-17T13:35:35
4 0 0 29 26 695 0 0 9660 804 12675 27171 14 49 29 7 0 2022-04-17T13:35:36
0 1 0 38 26 679 0 0 12084 4 10931 23295 26 19 43 12 0 2022-04-17T13:35:37
13 1 0 31 26 692 0 0 12524 444 11476 24341 17 19 50 14 0 2022-04-17T13:35:38
5 1 0 32 26 673 0 0 11716 108 11840 26239 41 27 17 14 0 2022-04-17T13:35:39
2 2 0 33 26 678 0 0 12868 20 10638 21849 26 21 34 19 0 2022-04-17T13:35:40
3 0 0 25 26 683 0 0 11832 164 10817 22889 44 19 23 15 0 2022-04-17T13:35:41
3 2 0 32 24 670 0 0 13832 0 9501 18747 42 14 22 22 0 2022-04-17T13:35:42
3 1 0 36 23 660 0 0 15048 0 9936 19409 40 14 20 25 0 2022-04-17T13:35:43
0 2 0 57 23 672 0 0 11772 36 12688 27756 39 16 33 12 0 2022-04-17T13:35:44
1 0 0 46 23 684 0 0 12352 92 10438 20526 14 5 68 13 0 2022-04-17T13:35:45
2 0 0 33 23 696 0 0 11440 732 10727 22384 19 25 44 12 0 2022-04-17T13:35:46
0 1 0 21 23 708 0 0 12552 284 9618 19578 12 11 64 13 0 2022-04-17T13:35:47
0 1 0 35 21 695 0 0 12900 0 9047 17164 9 6 71 14 0 2022-04-17T13:35:48
0 1 0 33 20 700 0 0 13324 0 9016 16824 9 3 73 14 0 2022-04-17T13:35:49
1 0 0 29 19 706 0 0 12808 0 8838 17023 9 4 73 14 0 2022-04-17T13:35:50
1 0 0 31 16 707 0 0 12824 0 8690 16861 10 3 73 14 0 2022-04-17T13:35:51
0 1 0 31 15 707 0 0 12844 48 9221 17599 9 15 63 13 0 2022-04-17T13:35:52
2 0 0 32 15 706 0 0 12512 0 9227 17093 11 7 68 13 0 2022-04-17T13:35:53
1 0 0 30 15 710 0 0 12808 0 8820 17159 9 4 73 14 0 2022-04-17T13:35:54
0 1 0 31 15 709 0 0 13204 0 8713 16787 9 9 70 13 0 2022-04-17T13:35:55
0 1 0 32 14 708 0 0 12780 0 9055 17330 9 5 72 14 0 2022-04-17T13:35:56
17 0 0 32 14 704 0 0 11728 376 10280 22047 19 18 52 12 0 2022-04-17T13:35:57
2 0 0 32 14 689 0 0 11500 4 11556 25181 32 17 41 10 0 2022-04-17T13:35:58
0 1 0 38 14 694 0 0 12448 20 10030 20389 13 15 59 13 0 2022-04-17T13:35:59
1 1 0 36 15 696 0 0 16916 128 11029 23748 19 8 49 24 0 2022-04-17T13:36:00
1 2 0 29 15 700 0 0 15720 0 9359 18666 18 8 48 26 0 2022-04-17T13:36:01
1 1 0 27 16 700 0 0 13932 144 9769 19446 18 8 50 25 0 2022-04-17T13:36:02
0 2 0 39 15 686 0 0 13280 0 9590 19262 25 12 43 20 0 2022-04-17T13:36:03
2 0 0 32 15 689 0 0 15744 0 9184 18596 18 8 48 26 0 2022-04-17T13:36:04
2 0 0 28 15 690 0 0 14856 72 9686 19739 28 11 37 23 0 2022-04-17T13:36:05
2 0 0 39 15 677 0 0 13812 0 9708 18936 19 10 48 24 0 2022-04-17T13:36:06
0 1 0 36 15 678 0 0 14504 0 9923 20572 18 6 55 21 0 2022-04-17T13:36:07
1 0 0 38 15 676 0 0 11888 56 9136 17376 10 3 74 13 0 2022-04-17T13:36:08
5 0 0 31 15 680 0 0 3660 0 10308 21369 39 10 47 4 0 2022-04-17T13:36:09
2 0 0 28 15 682 0 0 2356 40 13109 29827 36 16 45 3 0 2022-04-17T13:36:10
3 0 0 32 15 676 0 0 700 0 9839 18570 45 10 44 1 0 2022-04-17T13:36:11
3 0 0 28 15 677 0 0 340 0 9319 17980 59 11 30 0 0 2022-04-17T13:36:12
6 0 0 31 14 670 0 0 364 0 13171 29537 56 20 23 0 0 2022-04-17T13:36:13
1 0 0 30 14 670 0 0 220 36 12238 26600 55 14 31 0 0 2022-04-17T13:36:14
7 0 0 34 14 664 0 0 24 52 10381 21092 58 13 29 0 0 2022-04-17T13:36:15
8 0 0 33 14 664 0 0 336 0 12721 28011 56 18 26 0 0 2022-04-17T13:36:16
3 0 0 27 15 665 0 0 1192 0 12684 28051 45 17 37 1 0 2022-04-17T13:36:17
1 0 0 32 12 616 0 0 1772 0 8889 16971 26 8 64 2 0 2022-04-17T13:36:18
0 0 0 30 12 617 0 0 708 44 8814 16545 16 3 80 1 0 2022-04-17T13:36:19
0 0 0 30 12 617 0 0 0 0 8497 15914 0 1 99 0 0 2022-04-17T13:36:20
3 0 0 29 12 617 0 0 180 52 9226 17180 6 3 92 0 0 2022-04-17T13:36:21
2 0 0 33 12 611 0 0 88 0 11588 23318 36 9 55 0 0 2022-04-17T13:36:22
1 1 0 30 13 614 0 0 4032 0 9431 17857 19 6 71 5 0 2022-04-17T13:36:23
2 0 0 27 13 616 0 0 976 48 9789 17994 6 44 48 1 0 2022-04-17T13:36:24
2 0 0 35 12 605 0 0 2116 0 10228 20673 11 44 43 2 0 2022-04-17T13:36:25
3 0 0 33 12 606 0 0 144 40 10813 21828 19 43 38 0 0 2022-04-17T13:36:26
4 0 0 31 13 604 0 0 4844 0 11968 25606 23 17 55 4 0 2022-04-17T13:36:27
1 0 0 32 13 605 0 0 1536 0 11122 22478 39 14 45 2 0 2022-04-17T13:36:28
1 0 0 28 13 608 0 0 3160 816 9227 18000 19 4 72 5 0 2022-04-17T13:36:29
1 0 0 35 13 597 0 0 1728 0 9076 17223 8 34 57 2 0 2022-04-17T13:36:30
1 0 0 33 13 597 0 0 180 0 10220 21678 19 33 48 0 0 2022-04-17T13:36:31
0 0 0 32 13 598 0 0 100 0 10472 22516 11 8 81 0 0 2022-04-17T13:36:32
0 0 0 32 13 598 0 0 0 0 9702 19656 11 4 85 0 0 2022-04-17T13:36:33
0 0 0 32 13 598 0 0 0 236 10242 21818 10 5 84 0 0 2022-04-17T13:36:34
0 0 0 32 13 598 0 0 0 0 8546 15783 1 2 98 0 0 2022-04-17T13:36:35
0 0 0 32 13 598 0 0 0 0 8886 17093 3 2 96 0 0 2022-04-17T13:36:36
0 0 0 32 13 598 0 0 0 0 8188 16011 0 3 97 0 0 2022-04-17T13:36:37
0 0 0 32 13 598 0 0 0 0 8569 16328 1 1 98 0 0 2022-04-17T13:36:38
1 0 0 32 13 598 0 0 0 48 8853 15959 0 1 99 0 0 2022-04-17T13:36:39
1 0 0 32 13 598 0 0 0 0 8944 16099 0 1 98 0 0 2022-04-17T13:36:40
11 0 0 28 13 598 0 0 264 372 10850 23197 11 16 72 1 0 2022-04-17T13:36:41
0 0 0 36 13 580 0 0 520 4 11654 24178 20 17 63 0 0 2022-04-17T13:36:42
0 1 0 41 13 583 0 0 3224 176 10863 23334 12 12 72 5 0 2022-04-17T13:36:43
3 0 0 31 14 587 0 0 3188 0 9367 18831 16 8 72 4 0 2022-04-17T13:36:44
1 0 0 36 14 578 0 0 1764 128 9883 20114 19 7 71 3 0 2022-04-17T13:36:45
0 0 0 36 14 578 0 0 68 0 13084 29287 22 12 66 0 0 2022-04-17T13:36:46
0 0 0 36 14 578 0 0 0 0 10478 21011 11 6 83 0 0 2022-04-17T13:36:47
0 0 0 36 14 578 0 0 0 100 8673 17001 4 3 93 0 0 2022-04-17T13:36:48
0 0 0 36 14 578 0 0 0 0 8678 16269 1 2 97 0 0 2022-04-17T13:36:49
0 0 0 36 14 578 0 0 0 96 8629 16185 0 1 99 0 0 2022-04-17T13:36:50
0 0 0 36 14 578 0 0 0 0 8757 15870 0 3 97 0 0 2022-04-17T13:36:51
1 0 0 36 14 578 0 0 0 0 8868 16180 0 1 99 0 0 2022-04-17T13:36:52
2 0 0 35 14 580 0 0 1316 64 9212 16901 17 3 79 1 0 2022-04-17T13:36:53
4 0 0 32 14 570 0 0 964 380 11838 25995 47 28 25 1 0 2022-04-17T13:36:54
11 0 0 39 14 559 0 0 348 4 13618 33430 52 26 21 1 0 2022-04-17T13:36:55
2 0 0 45 14 560 0 0 1428 184 12276 27095 28 14 56 2 0 2022-04-17T13:36:56
3 0 0 36 15 563 0 0 2936 0 9670 18590 17 7 72 4 0 2022-04-17T13:36:57
3 0 0 28 15 568 0 0 4444 0 9157 18611 15 6 73 6 0 2022-04-17T13:36:58
1 0 0 28 15 564 0 0 5520 0 10606 22539 14 9 71 6 0 2022-04-17T13:36:59
1 0 0 36 15 553 0 0 24 0 13362 30417 38 16 46 0 0 2022-04-17T13:37:00
5 0 0 34 15 554 0 0 268 316 17336 37906 25 26 49 0 0 2022-04-17T13:37:01
1 0 0 32 15 554 0 0 148 0 16803 34400 32 30 38 0 0 2022-04-17T13:37:02
5 0 0 29 15 543 0 0 1032 0 16101 32683 35 17 47 1 0 2022-04-17T13:37:03
2 0 0 31 15 539 0 0 1056 2640 14284 27266 34 10 51 4 0 2022-04-17T13:37:04
5 0 0 27 15 532 0 0 848 0 14117 27224 43 11 45 1 0 2022-04-17T13:37:05
2 0 0 32 15 516 0 0 912 2656 14500 27758 40 14 43 3 0 2022-04-17T13:37:06
4 0 0 36 15 501 0 0 1592 3056 15990 33592 45 31 22 2 0 2022-04-17T13:37:07
5 0 0 47 15 493 0 0 4328 4296 16652 34433 57 22 12 9 0 2022-04-17T13:37:08
4 0 0 34 15 502 0 0 1704 3912 15847 31714 45 23 26 6 0 2022-04-17T13:37:09
12 0 0 33 15 508 0 0 3400 7332 16649 34143 39 21 24 16 0 2022-04-17T13:37:10
2 2 0 32 15 491 0 0 4520 3244 16428 34572 49 33 11 6 0 2022-04-17T13:37:11
1 2 0 38 15 484 0 0 4596 6928 15441 32791 42 27 12 19 0 2022-04-17T13:37:12
4 0 0 30 15 494 0 0 4984 3328 16372 33494 47 23 20 10 0 2022-04-17T13:37:13
5 0 0 33 15 478 0 0 4576 5872 15032 28166 56 17 11 16 0 2022-04-17T13:37:14
2 2 0 30 15 483 0 0 6940 4280 14665 27764 58 19 7 16 0 2022-04-17T13:37:15
5 0 0 32 15 479 0 0 5524 6928 14748 28813 48 13 16 23 0 2022-04-17T13:37:16
11 0 0 36 14 472 0 0 6400 3824 16314 34006 48 23 18 12 0 2022-04-17T13:37:17
5 5 0 32 14 471 0 0 464 6324 17927 40337 52 26 18 5 0 2022-04-17T13:37:18
5 0 0 29 14 470 0 0 1392 3656 17259 36441 55 23 16 6 0 2022-04-17T13:37:19
2 0 0 39 14 455 0 0 468 2552 17969 38915 46 23 27 4 0 2022-04-17T13:37:20
1 0 0 35 14 458 0 0 716 2680 14592 28631 22 11 63 4 0 2022-04-17T13:37:21
1 0 0 31 14 461 0 0 960 2632 14894 27618 24 6 65 5 0 2022-04-17T13:37:22
3 0 0 32 14 458 0 0 908 2624 14753 27401 22 7 65 6 0 2022-04-17T13:37:23
2 0 0 31 14 459 0 0 492 5932 14924 28592 37 11 41 11 0 2022-04-17T13:37:24
3 2 0 30 14 458 0 0 784 8104 15602 30497 36 13 41 10 0 2022-04-17T13:37:25
1 2 0 42 14 456 0 0 4056 4328 17180 35861 47 19 28 6 0 2022-04-17T13:37:26
4 0 0 33 14 466 0 0 4752 6968 16543 33762 33 16 34 17 0 2022-04-17T13:37:27
3 0 0 32 14 465 0 0 5740 4060 14440 27854 30 14 45 11 0 2022-04-17T13:37:28
4 0 0 32 14 464 0 0 4560 6796 15096 28724 36 10 37 17 0 2022-04-17T13:37:29
0 3 0 33 14 457 0 0 4108 8460 14422 27395 31 12 42 16 0 2022-04-17T13:37:30
5 1 0 32 14 454 0 0 4108 3444 15348 28913 43 13 29 14 0 2022-04-17T13:37:31
3 0 0 41 14 459 0 0 4700 4292 14969 26992 25 30 35 9 0 2022-04-17T13:37:32
5 0 0 33 14 465 0 0 2780 6764 15272 27718 16 51 26 7 0 2022-04-17T13:37:33
8 0 0 34 13 452 0 0 648 6388 15081 30084 23 55 15 6 0 2022-04-17T13:37:34
6 0 0 29 13 452 0 0 760 3800 14595 29731 33 44 20 3 0 2022-04-17T13:37:35
2 0 0 44 13 433 0 0 1172 7188 15562 32051 42 38 16 5 0 2022-04-17T13:37:36
5 2 0 47 13 441 0 0 3856 4208 14893 32616 46 29 21 4 0 2022-04-17T13:37:37
5 0 0 32 13 442 0 0 2848 4892 16126 32816 42 25 24 9 0 2022-04-17T13:37:38
13 1 0 30 13 440 0 0 4616 5128 15253 30458 45 15 33 7 0 2022-04-17T13:37:39
4 0 0 28 12 442 0 0 3608 4840 15618 31155 38 14 33 15 0 2022-04-17T13:37:40
1 2 0 32 12 435 0 0 2628 4304 15454 31124 33 13 41 13 0 2022-04-17T13:37:41
10 2 0 27 12 437 0 0 4008 3100 15852 30667 34 10 48 8 0 2022-04-17T13:37:42
5 1 0 27 11 433 0 0 3908 6816 15322 31017 28 13 48 10 0 2022-04-17T13:37:43
2 1 0 44 10 421 0 0 4172 6468 15520 30542 23 22 44 11 0 2022-04-17T13:37:44
2 1 0 32 10 429 0 0 3748 4288 15770 32044 28 26 39 7 0 2022-04-17T13:37:45
2 0 0 33 9 426 0 0 3392 4392 15464 30649 32 15 46 7 0 2022-04-17T13:37:46
1 0 0 39 8 419 0 0 296 6424 15142 30221 39 12 42 8 0 2022-04-17T13:37:47
0 1 0 43 8 412 0 0 1232 8576 15315 30173 31 12 46 12 0 2022-04-17T13:37:48
1 1 0 31 8 422 0 0 3596 6068 15225 30684 31 10 52 8 0 2022-04-17T13:37:49
6 1 0 32 8 417 0 0 4064 4928 15219 31116 34 13 47 6 0 2022-04-17T13:37:50
2 0 0 34 8 424 0 0 3744 4680 15815 31397 38 12 42 8 0 2022-04-17T13:37:51
2 0 0 31 8 424 0 0 216 6388 15348 32352 35 10 49 7 0 2022-04-17T13:37:52
5 0 0 28 8 425 0 0 168 6664 15082 30872 32 11 48 9 0 2022-04-17T13:37:53
3 0 0 28 7 419 0 0 388 6080 15194 30185 33 13 49 6 0 2022-04-17T13:37:54
0 1 0 28 7 419 0 0 1644 6720 15654 31493 33 11 50 7 0 2022-04-17T13:37:55
2 0 0 32 7 414 0 0 4292 4336 15329 30057 33 10 51 7 0 2022-04-17T13:37:56
3 0 0 30 7 412 0 0 4652 4084 14649 30775 32 10 49 8 0 2022-04-17T13:37:57
0 1 0 31 7 408 0 0 3724 7620 15342 30090 26 10 54 10 0 2022-04-17T13:37:58
0 1 0 27 7 411 0 0 4304 4292 15103 30478 24 7 54 14 0 2022-04-17T13:37:59
2 0 0 29 6 408 0 0 4760 4964 15513 31076 22 13 56 9 0 2022-04-17T13:38:00
1 0 0 64 6 371 0 0 4548 3340 15574 30667 29 10 54 7 0 2022-04-17T13:38:01
0 1 0 53 6 381 0 0 4200 6428 14871 29304 25 7 57 11 0 2022-04-17T13:38:02
5 0 0 43 6 391 0 0 5460 4348 15321 30166 30 11 52 8 0 2022-04-17T13:38:03
0 1 0 30 6 403 0 0 5072 6372 14369 28446 13 7 69 10 0 2022-04-17T13:38:04
6 0 0 32 6 398 0 0 5060 4340 15584 31163 38 10 45 7 0 2022-04-17T13:38:05
3 0 0 31 6 396 0 0 4840 5612 15106 30184 24 9 57 10 0 2022-04-17T13:38:06
1 0 0 38 5 386 0 0 4812 4304 15105 30194 24 11 57 8 0 2022-04-17T13:38:07
8 0 0 34 5 391 0 0 2552 8296 15557 29954 32 11 48 9 0 2022-04-17T13:38:08
3 0 0 32 5 392 0 0 1120 4296 14424 28608 20 6 62 12 0 2022-04-17T13:38:09
9 0 0 38 5 384 0 0 2736 5776 15530 31111 35 15 42 8 0 2022-04-17T13:38:10
12 1 0 32 5 385 0 0 2908 4896 15184 30915 59 20 16 5 0 2022-04-17T13:38:11
4 1 0 40 5 384 0 0 2520 6928 15139 31896 51 18 24 7 0 2022-04-17T13:38:12
7 0 0 28 5 394 0 0 5400 4292 15528 29872 27 9 55 8 0 2022-04-17T13:38:13
2 2 0 30 5 393 0 0 2920 5824 15560 31267 40 10 43 7 0 2022-04-17T13:38:14
8 0 0 34 5 389 0 0 1064 588 15606 31117 55 13 30 2 0 2022-04-17T13:38:15
2 0 0 35 5 383 0 0 3048 4932 15862 33706 60 20 14 6 0 2022-04-17T13:38:16
0 1 0 28 5 391 0 0 640 8588 15367 29763 48 15 32 5 0 2022-04-17T13:38:17
1 1 0 33 5 379 0 0 956 4352 15469 31982 50 13 29 8 0 2022-04-17T13:38:18
2 2 0 32 5 383 0 0 1256 2112 15883 31821 57 14 25 5 0 2022-04-17T13:38:19
11 0 0 30 5 386 0 0 1060 2660 16203 31758 47 14 31 8 0 2022-04-17T13:38:20
7 0 0 30 5 386 0 0 580 4852 15368 31916 40 16 40 4 0 2022-04-17T13:38:21
9 0 0 33 5 385 0 0 964 6396 15700 31426 16 36 40 7 0 2022-04-17T13:38:22
0 1 0 33 5 383 0 0 1804 8776 15702 30379 17 31 43 9 0 2022-04-17T13:38:23
5 0 0 31 5 391 0 0 2256 5280 15091 29745 18 27 47 8 0 2022-04-17T13:38:24
2 1 0 33 5 387 0 0 5276 5416 15098 30173 17 26 48 8 0 2022-04-17T13:38:25
3 0 0 29 5 393 0 0 4452 7100 15624 31700 22 19 44 16 0 2022-04-17T13:38:26
4 0 0 56 5 366 0 0 5028 4972 14998 29616 17 14 61 8 0 2022-04-17T13:38:27
6 0 0 45 5 377 0 0 5000 4340 14742 29713 16 12 63 9 0 2022-04-17T13:38:28
2 0 0 28 5 388 0 0 4424 4284 14766 30366 23 14 51 12 0 2022-04-17T13:38:29
0 1 0 28 5 387 0 0 3640 7036 15053 29991 21 10 51 18 0 2022-04-17T13:38:30
0 2 0 30 4 385 0 0 5312 6460 15218 30980 22 11 54 14 0 2022-04-17T13:38:31
1 0 0 34 4 381 0 0 1508 2936 15160 31462 46 18 30 6 0 2022-04-17T13:38:32
0 1 0 26 4 389 0 0 208 8060 14796 30382 23 9 61 7 0 2022-04-17T13:38:33
4 0 0 41 4 372 0 0 2336 4648 15136 31724 28 15 48 9 0 2022-04-17T13:38:34
1 0 0 33 4 382 0 0 4024 5288 15206 31050 16 25 50 9 0 2022-04-17T13:38:35
0 1 0 36 4 379 0 0 4004 8744 15132 29765 16 18 50 16 0 2022-04-17T13:38:36
0 1 0 40 4 374 0 0 4360 5048 15414 29756 20 17 54 9 0 2022-04-17T13:38:37
2 0 0 29 4 386 0 0 6028 4304 14502 29421 24 11 54 11 0 2022-04-17T13:38:38
4 0 0 32 4 383 0 0 4400 6420 14695 30500 19 14 57 10 0 2022-04-17T13:38:39
1 0 0 29 4 386 0 0 4468 6896 15109 29373 20 7 59 15 0 2022-04-17T13:38:40
0 1 0 26 4 389 0 0 4428 6408 14916 29872 23 11 58 8 0 2022-04-17T13:38:41
3 0 0 37 4 383 0 0 948 2900 15325 31045 43 19 33 4 0 2022-04-17T13:38:42
1 0 0 38 4 387 0 0 1200 2624 15683 32530 53 16 27 4 0 2022-04-17T13:38:43
1 1 0 37 4 383 0 0 988 7328 15193 30224 22 11 57 10 0 2022-04-17T13:38:44
4 2 0 39 4 378 0 0 228 6340 14992 30290 21 8 63 8 0 2022-04-17T13:38:45
3 1 0 35 4 385 0 0 256 6424 14806 29583 28 9 55 8 0 2022-04-17T13:38:46
1 0 0 28 4 391 0 0 544 6532 15430 31258 25 10 51 14 0 2022-04-17T13:38:47
0 1 0 27 4 392 0 0 112 7504 14805 29198 20 8 61 12 0 2022-04-17T13:38:48
0 2 0 28 4 390 0 0 196 6340 15687 30946 20 11 58 11 0 2022-04-17T13:38:49
1 0 0 29 4 390 0 0 164 5684 15221 30250 26 10 57 7 0 2022-04-17T13:38:50
0 1 0 27 4 392 0 0 1500 7544 15550 29572 19 10 62 10 0 2022-04-17T13:38:51
0 2 0 63 4 354 0 0 4524 5752 15496 30827 23 9 56 12 0 2022-04-17T13:38:52
0 1 0 52 4 365 0 0 4804 6972 15284 29543 19 8 60 13 0 2022-04-17T13:38:53
1 2 0 39 4 378 0 0 6592 4352 15180 28882 17 7 66 11 0 2022-04-17T13:38:54
1 0 0 28 4 390 0 0 6376 6420 15125 30498 21 8 56 15 0 2022-04-17T13:38:55
2 0 0 31 4 387 0 0 4684 4324 14706 29523 15 10 64 11 0 2022-04-17T13:38:56
1 1 0 25 4 393 0 0 5276 6408 14706 29890 17 9 61 12 0 2022-04-17T13:38:57
10 0 0 34 4 383 0 0 1812 4848 15195 30577 42 12 39 7 0 2022-04-17T13:38:58
2 0 0 29 4 389 0 0 476 4768 14578 29938 38 10 48 5 0 2022-04-17T13:38:59
2 0 0 35 4 383 0 0 168 7656 14720 29299 22 9 61 8 0 2022-04-17T13:39:00
0 4 0 32 4 385 0 0 7292 5812 15272 31062 23 11 52 15 0 2022-04-17T13:39:01
10 0 0 33 5 383 0 0 4816 4352 15530 31168 20 14 54 12 0 2022-04-17T13:39:02
1 2 0 34 5 382 0 0 4528 8344 15267 30433 24 12 52 12 0 2022-04-17T13:39:03
1 0 0 36 5 380 0 0 5376 4376 14839 29379 17 9 62 12 0 2022-04-17T13:39:04
6 0 0 45 5 370 0 0 4360 5876 14907 29694 20 6 66 8 0 2022-04-17T13:39:05
3 0 0 33 5 383 0 0 8196 5484 15454 31196 21 9 52 17 0 2022-04-17T13:39:06
1 0 0 32 5 381 0 0 5236 4492 15465 30458 27 10 52 10 0 2022-04-17T13:39:07
2 0 0 31 5 382 0 0 3520 6520 15388 30626 23 11 55 11 0 2022-04-17T13:39:08
7 0 0 37 5 380 0 0 932 4724 15973 31344 54 16 26 3 0 2022-04-17T13:39:09
6 1 0 28 6 380 0 0 5276 2736 15828 31853 47 21 27 5 0 2022-04-17T13:39:10
1 1 0 37 6 368 0 0 11756 4828 16376 32507 34 19 27 20 0 2022-04-17T13:39:11
2 0 0 31 6 377 0 0 1680 6268 15607 31194 27 16 48 9 0 2022-04-17T13:39:12
1 0 0 38 6 372 0 0 204 7624 16044 31323 19 21 46 15 0 2022-04-17T13:39:13
1 0 0 32 6 378 0 0 220 5140 15172 29549 7 43 44 6 0 2022-04-17T13:39:14
11 0 0 26 6 383 0 0 340 4236 14893 28555 6 36 43 15 0 2022-04-17T13:39:15
3 0 0 32 6 377 0 0 696 4876 14932 29087 11 29 52 8 0 2022-04-17T13:39:16
0 1 0 34 6 374 0 0 4560 6456 14937 29472 15 21 54 10 0 2022-04-17T13:39:17
1 0 0 29 6 379 0 0 4184 6316 15612 30390 17 21 49 13 0 2022-04-17T13:39:18
0 1 0 31 6 377 0 0 4996 7524 14670 29443 17 14 59 10 0 2022-04-17T13:39:19
1 0 0 75 6 333 0 0 4140 4828 14997 29708 15 10 64 10 0 2022-04-17T13:39:20
1 0 0 66 6 343 0 0 4872 6380 14536 29049 17 9 65 9 0 2022-04-17T13:39:21
3 0 0 65 6 347 0 0 2576 4456 15365 30613 29 12 49 10 0 2022-04-17T13:39:22
5 0 0 61 6 352 0 0 1264 3188 15774 32720 57 21 19 3 0 2022-04-17T13:39:23
1 2 0 53 6 359 0 0 548 5972 15260 29700 26 6 56 11 0 2022-04-17T13:39:24
1 0 0 60 6 354 0 0 600 5036 15361 29666 24 8 57 11 0 2022-04-17T13:39:25
1 1 0 49 6 365 0 0 4748 6976 15020 29873 24 10 59 7 0 2022-04-17T13:39:26
0 1 0 38 6 376 0 0 4860 4900 15007 29456 17 15 53 15 0 2022-04-17T13:39:27
2 1 0 27 6 387 0 0 5164 5072 15586 30687 15 32 46 7 0 2022-04-17T13:39:28
1 0 0 34 5 379 0 0 4860 5480 14972 29918 6 38 48 8 0 2022-04-17T13:39:29
0 2 0 33 4 380 0 0 4824 6416 15304 29886 14 22 55 9 0 2022-04-17T13:39:30
5 0 0 67 4 347 0 0 4748 4988 15147 29510 14 14 62 10 0 2022-04-17T13:39:31
1 0 0 57 4 356 0 0 4360 7136 14844 29849 18 12 59 11 0 2022-04-17T13:39:32
2 1 0 47 4 367 0 0 4740 4292 15038 29822 20 9 60 11 0 2022-04-17T13:39:33
0 1 0 35 4 377 0 0 3908 6412 14584 29819 19 8 62 11 0 2022-04-17T13:39:34
1 0 0 34 4 379 0 0 4796 4340 15460 29425 17 8 62 13 0 2022-04-17T13:39:35
4 3 0 32 4 379 0 0 3520 6336 15023 30002 28 10 54 9 0 2022-04-17T13:39:36
2 3 0 35 4 376 0 0 924 2872 15449 31422 55 14 26 6 0 2022-04-17T13:39:37
4 0 0 34 4 376 0 0 344 5808 14534 30189 31 8 53 8 0 2022-04-17T13:39:38
2 0 0 36 4 374 0 0 1996 5648 15157 30394 28 9 56 7 0 2022-04-17T13:39:39
4 0 0 33 4 377 0 0 4200 6480 14591 29632 19 9 62 9 0 2022-04-17T13:39:40
2 0 0 29 4 380 0 0 4048 6944 14888 29762 23 12 54 11 0 2022-04-17T13:39:41
0 1 0 31 4 378 0 0 4272 6568 14818 29322 18 5 66 11 0 2022-04-17T13:39:42
2 0 0 28 5 381 0 0 4428 4280 14119 28932 14 6 66 14 0 2022-04-17T13:39:43
0 1 0 32 5 377 0 0 5604 4304 15216 31194 23 9 55 13 0 2022-04-17T13:39:44
8 0 0 31 5 377 0 0 3936 6460 14989 29947 22 7 60 11 0 2022-04-17T13:39:45
4 0 0 33 5 374 0 0 2320 5032 15201 31427 40 12 40 8 0 2022-04-17T13:39:46
9 0 0 41 5 370 0 0 664 2688 15383 31859 50 14 34 2 0 2022-04-17T13:39:47
1 0 0 34 5 376 0 0 640 4772 14863 30247 40 12 42 6 0 2022-04-17T13:39:48
2 1 0 34 5 376 0 0 7132 6032 16120 33010 26 18 41 15 0 2022-04-17T13:39:49
1 1 0 42 4 367 0 0 9904 4836 15678 31482 19 11 53 17 0 2022-04-17T13:39:50
3 1 0 30 4 379 0 0 4840 5964 15315 30554 24 9 58 9 0 2022-04-17T13:39:51
0 1 0 27 4 381 0 0 4756 7144 15380 30916 22 9 50 19 0 2022-04-17T13:39:52
0 2 0 29 4 376 0 0 3768 4248 15080 30106 19 8 55 18 0 2022-04-17T13:39:53
1 0 0 29 4 377 0 0 5600 2852 15000 31279 20 11 56 13 0 2022-04-17T13:39:54
1 0 0 28 4 378 0 0 5364 5996 15292 30669 19 7 62 12 0 2022-04-17T13:39:55
1 0 0 28 4 377 0 0 5676 5804 16005 31518 22 8 58 11 0 2022-04-17T13:39:56
1 0 0 38 4 368 0 0 9852 4292 16395 32020 29 14 41 17 0 2022-04-17T13:39:57
3 0 0 68 4 337 0 0 4448 7524 15226 30283 16 5 61 18 0 2022-04-17T13:39:58
2 2 0 56 4 349 0 0 5780 4356 15037 29573 16 5 70 9 0 2022-04-17T13:39:59
9 0 0 49 4 357 0 0 4468 6168 14811 30801 22 8 56 14 0 2022-04-17T13:40:00
2 0 0 46 4 362 0 0 1576 2700 15811 32090 52 16 28 3 0 2022-04-17T13:40:01
8 0 0 39 4 368 0 0 668 4800 15085 30327 43 12 38 6 0 2022-04-17T13:40:02
8 0 0 29 4 375 0 0 272 7152 14953 30542 24 7 61 8 0 2022-04-17T13:40:03
8 0 0 42 4 374 0 0 4468 5816 14282 29587 19 10 63 8 0 2022-04-17T13:40:04
1 1 0 31 4 386 0 0 6172 5280 15577 30760 20 10 58 12 0 2022-04-17T13:40:05
0 1 0 32 4 384 0 0 6288 5164 15000 29256 16 15 57 11 0 2022-04-17T13:40:06
0 1 0 28 4 389 0 0 4864 5804 15013 29952 8 36 50 7 0 2022-04-17T13:40:07
1 1 0 30 4 385 0 0 4504 7540 14838 29794 6 28 54 11 0 2022-04-17T13:40:08
2 0 0 26 4 389 0 0 4672 5556 14453 29734 12 21 58 9 0 2022-04-17T13:40:09
1 0 0 45 4 369 0 0 5408 4392 15245 30057 13 18 61 8 0 2022-04-17T13:40:10
0 1 0 35 4 380 0 0 4624 6420 14631 29150 12 11 66 10 0 2022-04-17T13:40:11
2 1 0 39 4 376 0 0 5556 4552 15052 29945 11 9 52 28 0 2022-04-17T13:40:12
1 1 0 31 4 371 0 0 2580 2760 15194 30986 47 26 22 5 0 2022-04-17T13:40:13
4 1 0 32 4 371 0 0 11572 2592 15793 32590 45 29 20 7 0 2022-04-17T13:40:14
7 3 0 36 4 370 0 0 4120 2104 15279 31828 55 25 17 3 0 2022-04-17T13:40:15
2 0 0 37 4 366 0 0 2444 4956 15330 29473 23 10 59 7 0 2022-04-17T13:40:16
3 0 0 39 4 364 0 0 3176 6568 15059 29972 29 11 43 17 0 2022-04-17T13:40:17
3 0 0 25 4 375 0 0 4444 6508 15252 30246 30 10 46 14 0 2022-04-17T13:40:18
1 0 0 29 4 371 0 0 1112 6320 15093 29978 29 13 50 8 0 2022-04-17T13:40:19
0 1 0 35 4 366 0 0 248 7228 14856 29783 16 24 53 7 0 2022-04-17T13:40:20
1 0 0 33 4 367 0 0 240 6856 15139 29151 14 21 56 9 0 2022-04-17T13:40:21
0 1 0 26 4 375 0 0 100 7072 14776 28176 14 15 60 10 0 2022-04-17T13:40:22
1 0 0 34 4 369 0 0 300 7872 14890 29561 15 12 61 12 0 2022-04-17T13:40:23
2 1 0 48 4 354 0 0 4332 4704 14289 29556 19 15 58 8 0 2022-04-17T13:40:24
0 1 0 37 4 365 0 0 5116 6412 14170 29276 15 7 67 11 0 2022-04-17T13:40:25
0 1 0 30 4 371 0 0 6136 4372 14789 29015 14 10 68 8 0 2022-04-17T13:40:26
1 2 0 32 4 368 0 0 4752 6536 14681 29085 13 8 68 11 0 2022-04-17T13:40:27
1 0 0 33 4 368 0 0 5736 4280 15321 28882 19 8 64 9 0 2022-04-17T13:40:28
5 0 0 36 4 360 0 0 2412 4520 15175 29375 24 14 54 7 0 2022-04-17T13:40:29
9 2 0 33 4 365 0 0 1096 4788 15019 32577 53 19 24 4 0 2022-04-17T13:40:30
3 2 0 28 4 369 0 0 1464 2680 15401 31866 55 16 27 2 0 2022-04-17T13:40:31
1 0 0 32 4 363 0 0 240 4876 14676 30182 22 6 58 14 0 2022-04-17T13:40:32
12 0 0 41 4 355 0 0 1256 4676 14658 29821 30 12 52 6 0 2022-04-17T13:40:33
7 0 0 37 4 364 0 0 2928 5988 15119 31051 52 19 22 7 0 2022-04-17T13:40:34
2 0 0 31 4 367 0 0 2548 4868 15114 31691 56 21 18 5 0 2022-04-17T13:40:35
3 2 0 31 4 364 0 0 2820 6892 15482 31289 54 20 20 6 0 2022-04-17T13:40:36
1 0 0 29 4 365 0 0 4436 4604 14809 30126 39 11 39 11 0 2022-04-17T13:40:37
1 1 0 36 3 359 0 0 4740 6412 14815 28945 16 9 64 12 0 2022-04-17T13:40:38
2 1 0 35 3 359 0 0 4852 6408 14949 29599 19 9 64 8 0 2022-04-17T13:40:39
2 0 0 32 3 363 0 0 4388 4416 15248 30724 29 12 49 10 0 2022-04-17T13:40:40
0 1 0 27 3 369 0 0 1448 6512 15075 30645 23 7 59 11 0 2022-04-17T13:40:41
3 0 0 33 3 362 0 0 488 5776 14946 30651 20 7 50 23 0 2022-04-17T13:40:42
7 2 0 33 3 363 0 0 3716 6048 15483 32883 54 17 22 7 0 2022-04-17T13:40:43
8 0 0 33 3 365 0 0 4736 2796 15789 31537 55 20 17 8 0 2022-04-17T13:40:44
5 1 0 36 3 364 0 0 2948 7916 14995 31311 54 17 18 10 0 2022-04-17T13:40:45
0 1 0 38 3 360 0 0 2300 5504 15080 30696 41 14 37 8 0 2022-04-17T13:40:46
3 0 0 38 3 360 0 0 5000 6648 15456 30662 22 12 53 12 0 2022-04-17T13:40:47
2 1 0 32 3 365 0 0 5792 4308 14981 29666 29 8 53 10 0 2022-04-17T13:40:48
4 1 0 24 3 372 0 0 4700 6384 14320 29126 20 7 63 9 0 2022-04-17T13:40:49
2 0 0 32 3 365 0 0 168 8004 15208 30188 21 10 59 11 0 2022-04-17T13:40:50
10 0 0 45 3 351 0 0 2072 5692 15027 30689 29 9 53 8 0 2022-04-17T13:40:51
7 0 0 38 3 362 0 0 4476 4852 15536 31184 53 20 22 5 0 2022-04-17T13:40:52
5 0 0 28 3 369 0 0 2996 5776 15893 31145 48 17 24 11 0 2022-04-17T13:40:53
3 0 0 27 3 371 0 0 3212 4272 15013 30001 52 14 28 6 0 2022-04-17T13:40:54
1 0 0 31 3 372 0 0 692 8880 15269 29699 33 15 42 9 0 2022-04-17T13:40:55
6 6 0 34 3 370 0 0 2180 6108 15770 31006 33 8 50 9 0 2022-04-17T13:40:56
1 0 0 45 3 359 0 0 6112 4412 15456 30515 28 9 52 12 0 2022-04-17T13:40:57
7 0 0 35 3 369 0 0 4512 7044 15657 30980 22 10 51 16 0 2022-04-17T13:40:58
2 0 0 38 3 364 0 0 3772 4456 14937 29764 14 17 55 14 0 2022-04-17T13:40:59
5 0 0 42 3 362 0 0 228 6072 15418 30523 7 43 45 5 0 2022-04-17T13:41:00
3 0 0 42 3 360 0 0 1072 5924 14932 29675 8 34 52 6 0 2022-04-17T13:41:01
1 3 0 33 4 369 0 0 3528 6392 15325 31026 15 27 45 13 0 2022-04-17T13:41:02
1 1 0 33 4 368 0 0 5316 4692 14468 30417 19 12 59 10 0 2022-04-17T13:41:03
1 1 0 35 4 366 0 0 4508 6444 14770 30360 18 13 60 9 0 2022-04-17T13:41:04
1 0 0 35 3 364 0 0 4748 5880 14965 30131 21 8 62 9 0 2022-04-17T13:41:05
2 0 0 37 3 362 0 0 5108 5040 15307 29496 19 8 64 9 0 2022-04-17T13:41:06
1 3 0 29 4 373 0 0 4592 7224 15385 30813 21 10 55 14 0 2022-04-17T13:41:07
0 2 0 47 4 353 0 0 4188 5064 14641 30021 18 7 63 11 0 2022-04-17T13:41:08
2 0 0 37 4 362 0 0 4032 4312 15143 28504 18 7 65 11 0 2022-04-17T13:41:09
1 0 0 28 4 371 0 0 3888 4284 14518 28955 17 7 65 11 0 2022-04-17T13:41:10
9 0 0 33 4 362 0 0 1724 5004 15414 31006 45 14 36 6 0 2022-04-17T13:41:11
1 1 0 33 4 367 0 0 732 4756 15564 30877 47 16 34 3 0 2022-04-17T13:41:12
2 0 0 31 4 368 0 0 232 5088 14787 29962 20 18 55 7 0 2022-04-17T13:41:13
1 0 0 34 4 365 0 0 3812 6016 14830 30663 18 16 57 9 0 2022-04-17T13:41:14
2 1 0 35 4 363 0 0 4344 6436 15944 31927 31 19 44 7 0 2022-04-17T13:41:15
0 1 0 36 4 362 0 0 5848 6900 15704 30969 24 14 45 16 0 2022-04-17T13:41:16
0 1 0 35 4 361 0 0 5976 4440 14616 30080 21 10 59 10 0 2022-04-17T13:41:17
0 1 0 37 4 359 0 0 4788 6620 14590 29552 18 8 59 15 0 2022-04-17T13:41:18
1 0 0 31 4 368 0 0 4476 4356 14769 29830 21 10 61 9 0 2022-04-17T13:41:19
1 2 0 33 4 364 0 0 2956 6028 14515 29559 29 10 54 7 0 2022-04-17T13:41:20
5 0 0 30 4 368 0 0 996 2708 15296 32445 55 15 27 4 0 2022-04-17T13:41:21
7 0 0 32 4 364 0 0 1068 3236 14836 32178 45 16 36 3 0 2022-04-17T13:41:22
1 0 0 32 4 365 0 0 124 5976 14962 30053 22 12 57 9 0 2022-04-17T13:41:23
0 2 0 31 4 366 0 0 3704 7496 14958 30444 22 9 58 11 0 2022-04-17T13:41:24
0 1 0 33 4 364 0 0 5952 5364 15017 30803 23 11 54 11 0 2022-04-17T13:41:25
1 1 0 29 4 366 0 0 4248 7340 14777 30366 20 11 55 13 0 2022-04-17T13:41:26
7 0 0 44 4 353 0 0 4764 4588 14972 29630 17 9 63 10 0 2022-04-17T13:41:27
1 0 0 33 4 363 0 0 4460 4316 14500 29570 20 10 60 10 0 2022-04-17T13:41:28
3 2 0 34 4 360 0 0 4700 6396 14638 29211 17 7 65 11 0 2022-04-17T13:41:29
1 0 0 36 4 357 0 0 4852 4356 15334 29609 23 7 59 11 0 2022-04-17T13:41:30
5 0 0 44 4 349 0 0 2472 5968 15000 31058 35 10 47 9 0 2022-04-17T13:41:31
1 0 0 41 4 353 0 0 1124 3240 15262 32321 51 14 31 4 0 2022-04-17T13:41:32
5 2 0 38 4 362 0 0 6000 2620 15868 34229 53 20 21 7 0 2022-04-17T13:41:33
8 0 0 28 4 370 0 0 1980 5188 15723 31311 42 12 36 10 0 2022-04-17T13:41:34
5 0 0 45 4 353 0 0 1444 5676 15088 30017 35 11 46 8 0 2022-04-17T13:41:35
4 0 0 28 4 362 0 0 3328 4908 15428 31770 58 14 19 9 0 2022-04-17T13:41:36
10 0 0 32 4 363 0 0 3260 6936 15167 32163 55 21 19 5 0 2022-04-17T13:41:37
3 3 0 29 4 360 0 0 1684 7036 15127 30999 57 19 19 5 0 2022-04-17T13:41:38
7 0 0 31 4 358 0 0 824 4252 15306 30191 43 15 26 16 0 2022-04-17T13:41:39
2 0 0 31 4 359 0 0 392 6736 15062 30945 29 11 54 6 0 2022-04-17T13:41:40
7 0 0 34 4 354 0 0 3020 5512 15545 29866 26 11 57 7 0 2022-04-17T13:41:41
8 0 0 48 4 339 0 0 4544 6892 15459 31275 27 13 48 12 0 2022-04-17T13:41:42
8 0 0 38 4 352 0 0 6596 4444 15866 31826 28 10 48 13 0 2022-04-17T13:41:43
1 1 0 27 4 362 0 0 4628 6468 15289 29736 24 9 55 13 0 2022-04-17T13:41:44
0 1 0 27 4 361 0 0 5132 4288 14544 29197 19 8 63 11 0 2022-04-17T13:41:45
0 1 0 30 4 358 0 0 4444 6400 15039 29544 26 8 55 10 0 2022-04-17T13:41:46
2 1 0 34 4 354 0 0 2056 6664 15075 30550 25 7 54 13 0 2022-04-17T13:41:47
2 0 0 29 4 360 0 0 268 7048 15562 32015 26 9 44 21 0 2022-04-17T13:41:48
1 0 0 41 4 350 0 0 2672 5252 15099 28992 20 9 62 9 0 2022-04-17T13:41:49
1 0 0 32 4 360 0 0 4296 5760 14976 30030 19 11 60 10 0 2022-04-17T13:41:50
1 0 0 48 4 344 0 0 4360 6056 15588 29590 19 10 61 10 0 2022-04-17T13:41:51
5 0 0 39 4 353 0 0 4028 6984 15096 31569 22 8 57 13 0 2022-04-17T13:41:52
12 0 0 30 4 361 0 0 6716 5296 15009 31104 24 9 57 10 0 2022-04-17T13:41:54
5 0 0 32 4 361 0 0 3968 5512 15096 31226 27 9 55 9 0 2022-04-17T13:41:55
6 0 0 33 4 365 0 0 1192 2788 15122 30966 49 19 29 3 0 2022-04-17T13:41:56
1 0 0 32 4 363 0 0 696 4776 15067 30796 46 13 36 5 0 2022-04-17T13:41:57
2 0 0 31 4 364 0 0 220 5360 15108 29575 26 7 60 8 0 2022-04-17T13:41:58
3 0 0 32 4 360 0 0 3128 6372 15328 30063 20 10 63 8 0 2022-04-17T13:41:59
1 0 0 32 4 363 0 0 3728 4996 15132 31030 31 9 50 11 0 2022-04-17T13:42:00
5 0 0 33 4 361 0 0 4776 6880 15271 30266 23 10 54 13 0 2022-04-17T13:42:01
0 1 0 29 4 367 0 0 5040 7336 15229 30993 25 7 58 10 0 2022-04-17T13:42:02
1 0 0 53 4 343 0 0 3132 3804 14878 29979 18 11 62 8 0 2022-04-17T13:42:03
6 2 0 46 4 348 0 0 2764 6468 15245 31036 35 10 48 7 0 2022-04-17T13:42:04
7 1 0 37 4 353 0 0 2336 2652 16060 33986 47 18 30 5 0 2022-04-17T13:42:05
7 0 0 31 4 357 0 0 1148 2696 15765 32758 50 18 27 5 0 2022-04-17T13:42:06
6 0 0 36 4 353 0 0 868 4440 15596 32402 39 22 34 4 0 2022-04-17T13:42:07
0 1 0 30 4 359 0 0 680 5936 15487 31130 25 11 51 14 0 2022-04-17T13:42:08
1 0 0 34 4 355 0 0 196 7632 15022 30359 24 10 56 10 0 2022-04-17T13:42:09
2 0 0 44 4 349 0 0 836 6448 15238 30137 35 11 48 7 0 2022-04-17T13:42:10
6 0 0 35 4 359 0 0 3672 4180 14859 30375 22 16 56 7 0 2022-04-17T13:42:11
5 0 0 26 4 370 0 0 4360 6360 14678 30548 18 15 58 9 0 2022-04-17T13:42:12
3 0 0 29 4 366 0 0 4216 6920 15441 30840 6 34 45 14 0 2022-04-17T13:42:13
1 2 0 46 4 350 0 0 4460 6376 15263 30242 12 26 54 9 0 2022-04-17T13:42:14
1 0 0 35 4 360 0 0 4772 4320 15410 30781 26 9 58 8 0 2022-04-17T13:42:15
4 0 0 34 4 359 0 0 2916 5160 15109 31572 26 12 54 8 0 2022-04-17T13:42:16
9 1 0 33 4 362 0 0 988 4688 15174 31823 50 16 29 4 0 2022-04-17T13:42:17
0 1 0 32 4 363 0 0 520 5672 15079 30678 32 12 49 8 0 2022-04-17T13:42:18
2 0 0 37 4 355 0 0 1756 4828 14867 31211 27 11 55 6 0 2022-04-17T13:42:19
6 0 0 43 4 364 0 0 3916 7024 15986 31815 29 15 44 12 0 2022-04-17T13:42:20
1 0 0 33 4 375 0 0 3964 6868 14690 30236 22 10 59 9 0 2022-04-17T13:42:21
1 0 0 34 4 372 0 0 4932 4688 15056 29580 19 8 64 9 0 2022-04-17T13:42:22
0 1 0 31 4 374 0 0 4920 6380 14778 29306 19 9 62 9 0 2022-04-17T13:42:23
0 1 0 29 4 375 0 0 5108 4324 15092 30139 19 8 64 9 0 2022-04-17T13:42:24
3 0 0 27 4 378 0 0 4768 6928 14809 30604 19 8 57 16 0 2022-04-17T13:42:25
3 0 0 30 4 372 0 0 4056 4320 14339 29944 17 11 60 13 0 2022-04-17T13:42:26
2 0 0 32 4 369 0 0 6292 6428 14881 30573 12 11 62 15 0 2022-04-17T13:42:27
1 0 0 28 4 369 0 0 4876 4292 14699 29201 20 7 65 8 0 2022-04-17T13:42:28
2 0 0 81 4 337 0 0 2580 4036 15182 29400 28 10 56 6 0 2022-04-17T13:42:29
2 0 0 64 4 340 0 0 752 2704 14953 32409 45 18 35 2 0 2022-04-17T13:42:30
1 0 0 50 4 346 0 0 936 6440 14897 30623 30 13 49 8 0 2022-04-17T13:42:31
1 0 0 40 4 353 0 0 148 7040 14884 29813 19 9 63 9 0 2022-04-17T13:42:32
3 0 0 40 4 350 0 0 156 5852 14368 29246 19 12 61 8 0 2022-04-17T13:42:33
1 0 0 50 4 358 0 0 92 6308 14588 29336 17 18 56 8 0 2022-04-17T13:42:34
0 1 0 41 4 365 0 0 484 7728 14929 30282 19 19 54 7 0 2022-04-17T13:42:35
1 0 0 35 4 372 0 0 188 6876 14877 29575 21 8 56 14 0 2022-04-17T13:42:36
2 0 0 32 4 374 0 0 2800 6740 14567 29511 15 9 66 10 0 2022-04-17T13:42:37
1 1 0 30 4 375 0 0 4208 6252 14392 29907 18 8 65 8 0 2022-04-17T13:42:38
2 0 0 56 4 350 0 0 4496 4528 15031 29770 13 9 68 10 0 2022-04-17T13:42:39
3 0 0 44 4 361 0 0 5912 4272 15044 29173 16 9 66 10 0 2022-04-17T13:42:40
1 0 0 34 4 371 0 0 4432 6420 15154 29878 16 17 59 8 0 2022-04-17T13:42:41
0 1 0 32 4 370 0 0 5256 6404 14304 28745 12 23 59 7 0 2022-04-17T13:42:42
2 0 0 34 4 366 0 0 4796 4312 14746 29703 7 32 52 8 0 2022-04-17T13:42:43
0 1 0 26 4 371 0 0 5068 6392 14585 29081 12 13 65 9 0 2022-04-17T13:42:44
5 0 0 33 4 363 0 0 3136 4992 15230 28723 15 5 55 25 0 2022-04-17T13:42:45
3 0 0 74 4 330 0 0 1436 2540 15049 31135 41 11 44 4 0 2022-04-17T13:42:46
4 0 0 64 4 335 0 0 2528 2876 15568 33731 52 15 28 5 0 2022-04-17T13:42:47
2 0 0 70 4 340 0 0 312 5864 15084 29646 34 12 48 6 0 2022-04-17T13:42:48
1 1 0 61 4 349 0 0 88 8300 15476 29108 19 7 66 8 0 2022-04-17T13:42:49
3 0 0 63 4 347 0 0 4624 4460 14846 28245 21 6 63 10 0 2022-04-17T13:42:50
2 2 0 51 4 359 0 0 5284 5864 15223 30653 45 12 33 10 0 2022-04-17T13:42:51
2 0 0 39 4 369 0 0 5092 4360 14008 28718 40 8 44 8 0 2022-04-17T13:42:52
5 1 0 45 4 363 0 0 4808 4868 15347 30551 35 11 43 11 0 2022-04-17T13:42:53
4 0 0 32 4 374 0 0 5880 6464 15060 30202 29 8 49 14 0 2022-04-17T13:42:54
1 1 0 28 4 376 0 0 4256 4288 15150 29034 15 7 66 12 0 2022-04-17T13:42:55
1 0 0 31 4 371 0 0 5396 4280 15205 30323 18 8 64 10 0 2022-04-17T13:42:56
1 1 0 32 4 366 0 0 3852 9256 14317 29669 17 9 60 13 0 2022-04-17T13:42:57
5 1 0 50 4 350 0 0 980 2100 14995 30573 43 15 41 1 0 2022-04-17T13:42:58
3 0 0 40 4 354 0 0 1060 752 15422 30869 43 16 38 3 0 2022-04-17T13:42:59
5 0 0 55 4 350 0 0 664 2684 14995 29875 42 15 41 2 0 2022-04-17T13:43:00
7 0 0 48 4 356 0 0 360 6572 15099 30584 28 11 54 6 0 2022-04-17T13:43:01
4 0 0 49 4 354 0 0 464 5536 15115 30104 22 8 63 6 0 2022-04-17T13:43:02
2 0 0 39 4 361 0 0 80 7476 14651 28908 18 6 67 8 0 2022-04-17T13:43:03
4 0 0 28 4 371 0 0 3368 6448 14580 29298 17 7 67 9 0 2022-04-17T13:43:04
1 0 0 29 4 367 0 0 5048 5684 14689 28860 17 5 68 10 0 2022-04-17T13:43:05
1 0 0 27 4 367 0 0 4504 5520 14398 29355 18 5 68 9 0 2022-04-17T13:43:06
1 0 0 58 4 334 0 0 4628 4264 14839 30921 19 11 64 7 0 2022-04-17T13:43:07
1 0 0 48 4 344 0 0 3608 6520 15264 29469 18 8 64 9 0 2022-04-17T13:43:08
1 0 0 34 4 354 0 0 4620 7028 15653 29532 17 9 60 14 0 2022-04-17T13:43:09
6 0 0 39 4 354 0 0 1080 2300 14936 32281 39 14 43 5 0 2022-04-17T13:43:10
2 0 0 29 4 357 0 0 736 2680 15190 31583 39 22 37 2 0 2022-04-17T13:43:11
2 0 0 40 4 352 0 0 536 2636 15188 29996 26 33 38 3 0 2022-04-17T13:43:12
0 1 0 32 4 358 0 0 444 6892 15192 29430 12 39 44 5 0 2022-04-17T13:43:13
0 1 0 34 4 356 0 0 92 6768 14907 29296 7 36 51 6 0 2022-04-17T13:43:14
0 2 0 33 4 356 0 0 552 6240 15396 30766 15 17 58 10 0 2022-04-17T13:43:15
2 1 0 25 4 363 0 0 180 6164 14686 29723 19 6 62 13 0 2022-04-17T13:43:16
1 0 0 28 4 357 0 0 3988 4920 15210 30759 19 10 60 11 0 2022-04-17T13:43:17
0 1 0 33 4 349 0 0 5096 6352 15011 29437 18 10 64 9 0 2022-04-17T13:43:18
4 0 0 32 4 345 0 0 4900 5820 15037 30031 20 11 54 15 0 2022-04-17T13:43:19
2 0 0 32 4 348 0 0 4140 6732 15037 29351 19 8 62 10 0 2022-04-17T13:43:20
4 2 0 43 4 338 0 0 4128 6184 14763 28873 16 12 62 10 0 2022-04-17T13:43:21
6 0 0 42 4 337 0 0 948 2768 15304 31115 42 23 30 5 0 2022-04-17T13:43:22
3 0 0 68 4 341 0 0 952 2656 15183 30577 36 28 33 3 0 2022-04-17T13:43:23
2 0 0 46 4 345 0 0 748 2656 15650 30262 34 29 34 3 0 2022-04-17T13:43:24
0 2 0 38 4 352 0 0 152 7724 15418 29455 15 15 59 11 0 2022-04-17T13:43:25
3 1 0 33 4 348 0 0 628 4808 15022 30122 15 29 47 10 0 2022-04-17T13:43:26
12 0 0 38 4 356 0 0 2000 6928 15045 30335 18 48 20 14 0 2022-04-17T13:43:27
0 4 0 31 4 354 0 0 876 6292 15474 32043 15 58 24 3 0 2022-04-17T13:43:28
5 0 0 42 4 346 0 0 500 2716 16022 31737 20 48 25 7 0 2022-04-17T13:43:29
7 0 0 34 4 352 0 0 928 6684 15446 29551 41 20 24 15 0 2022-04-17T13:43:30
1 1 0 32 4 346 0 0 680 7480 15390 30388 41 12 40 7 0 2022-04-17T13:43:31
3 0 0 28 4 346 0 0 1440 5136 15801 31233 33 12 49 7 0 2022-04-17T13:43:32
1 0 0 38 4 355 0 0 156 6984 14490 29477 22 6 62 10 0 2022-04-17T13:43:33
3 1 0 29 4 363 0 0 2952 6024 14901 29373 17 10 61 12 0 2022-04-17T13:43:34
0 2 0 31 4 361 0 0 5208 6372 14570 28794 19 8 64 9 0 2022-04-17T13:43:35
3 0 0 85 4 307 0 0 4392 3684 14648 28847 24 10 58 8 0 2022-04-17T13:43:36
2 0 0 75 4 316 0 0 4300 7144 15301 29347 44 10 35 12 0 2022-04-17T13:43:37
2 0 0 65 4 327 0 0 4996 6544 15675 30622 33 10 42 15 0 2022-04-17T13:43:38
1 0 0 62 4 331 0 0 1868 5200 15506 30912 28 12 51 8 0 2022-04-17T13:43:39
0 1 0 52 4 338 0 0 104 8196 14757 29421 19 8 64 9 0 2022-04-17T13:43:40
7 0 0 49 4 337 0 0 4880 4528 14930 29733 17 9 64 9 0 2022-04-17T13:43:41
3 0 0 34 4 345 0 0 1692 6380 14831 30384 20 11 59 10 0 2022-04-17T13:43:42
1 0 0 38 4 337 0 0 60 4312 14604 29400 19 8 60 13 0 2022-04-17T13:43:43
4 0 0 47 4 343 0 0 124 8368 15132 29567 22 9 57 12 0 2022-04-17T13:43:44
3 0 0 37 4 353 0 0 1364 6284 14568 29377 19 6 64 11 0 2022-04-17T13:43:45
8 0 0 64 4 326 0 0 892 6744 14312 28908 18 6 67 9 0 2022-04-17T13:43:46
1 0 0 52 4 337 0 0 5460 4364 15060 29535 20 6 65 9 0 2022-04-17T13:43:47
1 0 0 45 4 345 0 0 2952 4308 15151 30148 18 10 56 16 0 2022-04-17T13:43:48
1 0 0 38 4 352 0 0 144 6436 15002 29006 20 8 66 7 0 2022-04-17T13:43:49
4 0 0 31 4 359 0 0 196 6712 15002 30104 21 9 62 8 0 2022-04-17T13:43:50
5 0 0 51 4 336 0 0 3280 8252 14409 29463 20 12 53 14 0 2022-04-17T13:43:51
5 2 0 51 4 338 0 0 664 2036 14693 29254 45 14 39 1 0 2022-04-17T13:43:52
5 0 0 46 4 342 0 0 784 2784 15233 32367 50 16 30 4 0 2022-04-17T13:43:53
1 0 0 34 4 349 0 0 128 6156 15019 29832 23 9 61 7 0 2022-04-17T13:43:54
1 1 0 37 4 340 0 0 1968 5380 15040 30248 22 10 60 8 0 2022-04-17T13:43:55
2 0 0 45 4 347 0 0 1472 6480 14930 29356 27 9 55 9 0 2022-04-17T13:43:56
1 0 0 36 5 355 0 0 92 6308 14593 29055 20 10 63 7 0 2022-04-17T13:43:57
0 2 0 27 5 364 0 0 936 10120 15189 31020 27 8 50 15 0 2022-04-17T13:43:58
1 1 0 35 5 355 0 0 13000 4976 16367 34174 19 14 47 20 0 2022-04-17T13:43:59
0 2 0 28 4 362 0 0 12188 6396 16026 33071 21 14 42 23 0 2022-04-17T13:44:00
0 1 0 28 4 364 0 0 2432 5352 14508 29118 16 10 62 13 0 2022-04-17T13:44:01
3 0 0 32 4 360 0 0 4092 5244 15040 29794 19 9 63 9 0 2022-04-17T13:44:02
2 0 0 64 4 327 0 0 4864 4432 14875 29316 15 8 69 8 0 2022-04-17T13:44:03
0 1 0 54 4 338 0 0 4268 6376 14740 28584 17 7 66 9 0 2022-04-17T13:44:04
2 0 0 35 4 341 0 0 1452 4332 14916 29475 32 12 49 7 0 2022-04-17T13:44:05
3 0 0 53 5 346 0 0 2860 2632 16213 33839 46 20 26 8 0 2022-04-17T13:44:06
2 0 0 27 5 350 0 0 548 2652 15175 29798 45 14 36 5 0 2022-04-17T13:44:07
2 0 0 47 4 343 0 0 164 6596 14566 29317 22 11 59 7 0 2022-04-17T13:44:08
2 0 0 50 4 340 0 0 484 6072 14739 30542 39 12 41 8 0 2022-04-17T13:44:09
4 0 0 36 5 347 0 0 724 6948 15055 29066 51 16 25 8 0 2022-04-17T13:44:10
5 1 0 44 5 347 0 0 696 7708 14843 30395 40 19 26 15 0 2022-04-17T13:44:11
4 3 0 38 5 354 0 0 984 6360 15110 31807 45 19 24 12 0 2022-04-17T13:44:12
3 0 0 54 4 348 0 0 940 3828 14968 29561 47 21 27 5 0 2022-04-17T13:44:13
0 1 0 46 5 356 0 0 452 8960 15034 30016 33 14 46 7 0 2022-04-17T13:44:14
2 0 0 36 5 364 0 0 2940 5084 15383 32377 23 11 56 9 0 2022-04-17T13:44:15
2 0 0 57 5 338 0 0 4140 3832 15323 29689 18 14 62 7 0 2022-04-17T13:44:16
3 2 0 41 5 348 0 0 4376 6520 15965 31488 34 12 45 9 0 2022-04-17T13:44:17
1 0 0 27 5 358 0 0 4420 7064 15266 29960 18 11 56 16 0 2022-04-17T13:44:18
3 1 0 29 5 352 0 0 5296 4292 14867 29873 18 9 63 11 0 2022-04-17T13:44:19
0 1 0 26 5 354 0 0 4168 4532 14778 29727 15 9 65 11 0 2022-04-17T13:44:20
2 1 0 49 5 326 0 0 2808 6544 14684 28925 18 11 61 9 0 2022-04-17T13:44:21
2 0 0 57 5 332 0 0 236 5572 14960 30132 27 13 54 6 0 2022-04-17T13:44:22
2 0 0 60 5 330 0 0 2404 8164 14607 30246 19 10 56 16 0 2022-04-17T13:44:23
3 0 0 49 5 341 0 0 5076 5484 14702 29634 18 8 64 9 0 2022-04-17T13:44:24
2 0 0 37 5 353 0 0 5208 4916 14583 28975 21 7 62 9 0 2022-04-17T13:44:25
1 0 0 31 5 356 0 0 4820 5936 14636 29957 16 7 67 9 0 2022-04-17T13:44:26
5 0 0 33 5 355 0 0 5060 5740 14527 30074 21 11 59 9 0 2022-04-17T13:44:27
1 1 0 47 5 338 0 0 4332 5988 14502 29804 16 11 64 9 0 2022-04-17T13:44:28
1 0 0 35 5 346 0 0 3564 4388 15020 28996 15 7 63 14 0 2022-04-17T13:44:29
0 1 0 37 5 343 0 0 4092 7052 15332 29620 13 8 61 18 0 2022-04-17T13:44:30
5 0 0 35 5 342 0 0 5888 4288 15185 29040 13 11 66 10 0 2022-04-17T13:44:31
0 1 0 34 4 342 0 0 6680 6424 15226 29910 18 13 54 16 0 2022-04-17T13:44:32
3 0 0 33 4 341 0 0 5372 4296 14658 29540 16 11 65 9 0 2022-04-17T13:44:33
5 1 0 50 4 322 0 0 2640 4436 14578 29682 22 15 56 6 0 2022-04-17T13:44:34
7 0 0 48 4 325 0 0 856 2700 15153 30894 45 17 34 4 0 2022-04-17T13:44:35
2 1 0 40 4 332 0 0 440 6904 14781 29932 27 15 51 7 0 2022-04-17T13:44:36
0 1 0 45 5 338 0 0 100 6476 15156 29916 20 14 59 7 0 2022-04-17T13:44:37
1 1 0 45 5 337 0 0 2628 6276 14536 29306 17 13 63 7 0 2022-04-17T13:44:38
1 0 0 39 5 343 0 0 160 4696 14459 28871 16 13 63 8 0 2022-04-17T13:44:39
3 0 0 31 5 350 0 0 140 6048 14731 29908 18 13 62 6 0 2022-04-17T13:44:40